data1 = Kp: 0.005, Ki: 0, Kd: 0, Setpoint: 500.0, Areas: [[747.817, 720.78, 696.67, 675.16, 655.965, 638.837, 623.555, 609.925, 597.77, 586.935, 577.28, 568.68, 561.025, 554.21, 548.148, 542.755, 537.96, 533.697, 529.91, 526.545, 523.555, 520.9, 518.543, 516.45, 514.592, 512.945, 511.48, 510.183, 509.03, 508.01, 507.102, 506.298, 505.585, 504.952, 504.392, 503.895, 503.453, 503.06, 502.715, 502.407, 502.132, 501.893, 35.09, 38.874, 43.158, 48.06, 53.733, 60.383, 68.292, 77.852, 89.616, 104.39, 123.359, 148.284, 181.736, 220.232, 253.665, 282.702, 308.035, 330.215, 349.687, 366.82, 381.922, 395.255, 407.042, 417.47, 426.707, 434.89, 442.147, 448.585, 454.3, 459.375, 463.88, 467.882, 471.437, 474.597, 477.407, 479.905, 482.125, 484.1, 485.855, 487.417, 488.805, 490.04, 491.14, 492.117, 492.985, 493.76, 494.447, 495.06, 495.602, 496.087, 496.52, 496.902, 497.245, 497.547, 497.817, 498.057, 13.89, 15.271, 16.815, 18.555, 20.539, 22.83, 25.514, 28.708, 32.586, 37.4, 43.547, 51.672, 62.887, 79.281, 105.163, 146.235, 185.905, 220.817, 251.647, 278.947, 303.173, 324.695, 343.837, 360.877, 376.055, 389.575, 401.625, 412.362, 421.933, 430.462, 438.065, 444.84, 450.877, 456.257, 461.05, 465.32, 469.125, 472.512, 475.53, 478.215, 480.61, 482.74, 484.637, 486.325, 487.83, 489.168, 490.36, 491.42, 492.365, 493.205, 493.952, 494.617, 495.21, 495.737, 496.207, 496.625, 496.995, 497.327, 497.622, 497.882, 498.117, 55.078, 59.101, 63.372, 67.924, 72.797, 78.036, 83.694, 89.832, 96.523, 103.853, 111.918, 120.839, 130.749, 141.809, 154.201, 168.13, 183.82, 201.505, 221.394, 243.644, 268.278, 293.733, 316.447, 336.6, 354.5, 370.413, 384.572, 397.173, 408.395, 418.388, 427.29, 435.223, 442.29, 448.585, 454.195, 459.195, 463.65, 467.62, 471.155, 474.305, 477.113, 479.615, 481.843, 483.827, 485.595, 487.17, 488.572, 489.822, 490.935, 491.925, 492.81, 493.595, 494.298, 494.92, 495.478, 495.97, 496.412, 496.805, 497.155, 497.465, 497.743, 497.99, 498.21]]
data1 = 'Kp': 0.005, 'Ki': 1e-05, 'Kd': 0, 'Setpoint': 500.0, 'Areas': [[747.817, 720.725, 696.52, 674.88, 655.53, 638.23, 622.765, 608.942, 596.59, 585.56, 575.713, 566.923, 559.082, 552.09, 545.857, 540.305, 535.358, 530.952, 527.03, 523.54, 520.435, 517.675, 515.217, 513.033, 511.092, 509.368, 507.833, 506.473, 505.262, 504.188, 503.233, 502.388, 501.635, 35.099, 38.856, 43.115, 47.994, 53.65, 60.292, 68.208, 77.802, 89.648, 104.587, 123.872, 149.388, 183.938, 223.04, 256.947, 286.46, 312.257, 334.89, 354.8, 372.355, 387.863, 401.58, 413.73, 424.502, 434.06, 442.548, 450.09, 456.79, 462.75, 468.05, 472.765, 476.96, 480.695, 484.017, 486.975, 489.608, 491.952, 494.038, 495.895, 497.548, 499.02, 13.881, 15.297, 16.885, 18.688, 20.757, 23.165, 26.012, 29.441, 33.663, 39.0, 45.969, 55.456, 69.085, 90.155, 126.263, 171.14, 210.608, 245.473, 276.37, 303.818, 328.243, 350.005, 369.413, 386.728, 402.183, 415.978, 428.295, 439.293, 449.108, 457.868, 465.685, 472.66, 478.88, 484.425, 489.368, 493.773, 497.698, 501.192, 54.926, 59.211, 63.789, 68.705, 74.012, 79.773, 86.06, 92.963, 100.588, 109.064, 118.546, 129.225, 141.327, 155.13, 170.963, 189.205, 210.283, 234.629, 262.607, 293.092, 320.702, 345.23, 367.053, 386.485, 403.808, 419.252, 433.028, 445.317, 456.283, 466.065, 474.79, 482.572, 489.51, 495.697, 501.21]]
data1 = 'Kp': 0.005, 'Ki': 0.0001, 'Kd': 0, 'Setpoint': 500.0, 'Areas': [[747.817, 720.24, 695.165, 672.362, 651.635, 632.803, 615.7, 600.185, 586.125, 573.395, 561.888, 551.495, 542.127, 533.695, 526.115, 519.317, 513.23, 507.79, 502.942, 498.63, 35.205, 38.789, 42.91, 47.703, 53.355, 60.126, 68.391, 78.696, 91.882, 109.275, 133.06, 166.975, 213.365, 256.345, 294.087, 327.398, 356.905, 383.113, 406.433, 427.207, 445.725, 462.23, 476.938, 490.03, 501.675, 13.885, 15.586, 17.572, 19.934, 22.805, 26.386, 31.004, 37.212, 46.041, 59.62, 83.136, 132.46, 196.745, 253.712, 304.493, 349.93, 390.673, 427.232, 460.035, 489.435, 515.735, 539.205, 560.085, 578.592, 594.93, 609.277, 621.812, 632.692, 642.067, 650.072, 656.835, 662.477, 667.108, 670.828, 673.73, 675.897, 677.41, 678.34, 678.75, 678.7, 678.243, 677.428, 676.295, 674.888, 673.24, 671.385, 669.35, 667.16, 664.84, 662.408, 659.885, 657.287, 654.63, 651.925, 649.183, 646.418, 643.635, 640.845, 638.055, 635.27, 632.495, 629.74, 627.003, 624.293, 621.608, 618.955, 616.335, 613.75, 611.202, 608.695, 606.225, 603.795, 601.408, 599.062, 596.76, 594.5, 592.283, 590.108, 587.977, 585.888, 583.842, 581.84, 579.88, 577.96, 576.082, 574.245, 572.447, 570.69, 568.973, 567.293, 565.65, 564.045, 562.477, 560.947, 559.45, 557.987, 556.562, 555.168, 553.805, 552.477, 551.18, 549.912, 548.678, 547.47, 546.29, 545.142, 544.02, 542.925, 541.858, 540.815, 539.798, 538.805, 537.835, 536.892, 535.97, 535.07, 534.195, 533.34, 532.505, 531.692, 530.898, 530.122, 529.37, 528.632, 527.915, 527.215, 526.53, 525.865, 525.215, 524.582, 523.965, 523.362, 522.775, 522.202, 521.645, 521.1, 520.57, 520.053, 519.548, 519.055, 518.577, 518.11, 517.652, 517.207, 516.775, 516.352, 515.94, 515.537, 515.148, 514.765, 514.392, 514.03, 513.675, 513.33, 512.995, 512.668, 512.347, 512.035, 511.733, 511.438, 511.147, 510.868, 510.592, 510.325, 510.065, 509.81, 509.562, 509.32, 509.085, 508.855, 508.632, 508.415, 508.202, 507.995, 507.793, 507.595, 507.405, 507.218, 507.035, 506.858, 506.682, 506.515, 506.35, 506.19, 506.032, 505.88, 505.733, 505.587, 505.447, 505.308, 505.175, 505.045, 504.915, 504.793, 504.67, 504.553, 504.438, 504.325, 504.215, 504.11, 504.005, 503.905, 503.805, 503.71, 503.615, 503.525, 503.435, 503.347, 503.265, 503.18, 503.1, 503.022, 502.945, 502.873, 502.8, 502.727, 502.66, 502.592, 502.525, 502.462, 502.4, 502.34, 502.28, 502.222, 502.165, 502.11, 502.058, 502.005, 501.955, 54.91, 59.007, 63.449, 68.294, 73.61, 79.482, 86.014, 93.339, 101.624, 111.079, 121.98, 134.685, 149.661, 167.53, 189.108, 215.459, 247.92, 287.428, 325.717, 360.023, 390.793, 418.408, 443.183, 465.392, 485.278, 503.045, 518.89, 532.983, 545.477, 556.517, 566.232, 574.745, 582.16, 588.58, 594.097, 598.8, 602.763, 606.06, 608.753, 610.908, 612.572, 613.803, 614.64, 615.13, 615.305, 615.205, 614.86, 614.295, 613.54, 612.615, 611.543, 610.34, 609.027, 607.618, 606.125, 604.562, 602.943, 601.275, 599.567, 597.827, 596.065, 594.287, 592.497, 590.7, 588.902, 587.108, 585.32, 583.543, 581.777, 580.025, 578.293, 576.578, 574.885, 573.212, 571.565, 569.94, 568.342, 566.77, 565.225, 563.707, 562.215, 560.752, 559.318, 557.91, 556.53, 555.178, 553.852, 552.557, 551.288, 550.045, 548.83, 547.64, 546.477, 545.34, 544.23, 543.142, 542.082, 541.045, 540.033, 539.043, 538.075, 537.133, 536.21, 535.31, 534.433, 533.575, 532.737, 531.923, 531.125, 530.348, 529.588, 528.847, 528.125, 527.42, 526.733, 526.062, 525.408, 524.77, 524.148, 523.54, 522.947, 522.37, 521.808, 521.257, 520.723, 520.202, 519.692, 519.195, 518.712, 518.24, 517.78, 517.33, 516.893, 516.467, 516.05, 515.645, 515.25, 514.865, 514.487, 514.122, 513.765, 513.418, 513.077, 512.747, 512.425, 512.11, 511.805, 511.505, 511.215, 510.93, 510.655, 510.385, 510.123, 509.865, 509.615, 509.373, 509.135, 508.903, 508.678, 508.457, 508.245, 508.035, 507.833, 507.633, 507.44, 507.253, 507.068, 506.887, 506.715, 506.543, 506.378, 506.217, 506.06, 505.905, 505.755, 505.61, 505.468, 505.33, 505.193, 505.062, 504.933, 504.81, 504.688, 504.567, 504.452, 504.34, 504.23, 504.122, 504.018, 503.915, 503.815, 503.72, 503.625, 503.533, 503.445, 503.357, 503.27, 503.188, 503.108, 503.028, 502.953, 502.878, 502.805, 502.733, 502.663, 502.595, 502.53, 502.468, 502.402, 502.343, 502.282, 502.225, 502.17, 502.115, 502.06, 502.007, 501.958]]
data1 = 'Kp': 0.058, 'Ki': 0.0001, 'Kd': 0, 'Setpoint': 500.0, 'Areas': [[747.817, 426.77, 523.55, 492.183, 502.048, 498.918, 35.194, 219.597, 589.087, 476.68, 507.605, 498.947, 13.915, 62.972, 570.15, 483.035, 507.67, 500.827, 55.052, 136.397, 476.293, 511.14, 501.728]]
data1 = 'Kp': 0.058, 'Ki': 0.0001, 'Kd': 0.001, 'Setpoint': 500.0, 'Areas': [[747.817, 420.995, 532.88, 486.745, 504.832, 497.628, 500.48, 35.139, 229.308, 581.197, 471.037, 511.622, 496.942, 502.24, 500.32, 13.879, 65.247, 574.03, 470.665, 513.38, 498.283, 55.037, 139.011, 480.465, 502.53, 503.582, 503.75, 503.715, 503.723, 503.71, 503.705, 503.7, 503.692, 503.685, 503.68, 503.675, 503.665, 503.663, 503.655, 503.648, 503.643, 503.635, 503.63, 503.622, 503.617, 503.61, 503.605, 503.597, 503.592, 503.585, 503.58, 503.572, 503.57, 503.56, 503.555, 503.548, 503.545, 503.535, 503.533, 503.522, 503.52, 503.512, 503.505, 503.5, 503.495, 503.487, 503.482, 503.477, 503.47, 503.462, 503.46, 503.452, 503.445, 503.44, 503.435, 503.43, 503.423, 503.415, 503.412, 503.405, 503.398, 503.395, 503.385, 503.383, 503.378, 503.367, 503.365, 503.36, 503.35, 503.347, 503.342, 503.335, 503.327, 503.325, 503.317, 503.312, 503.308, 503.3, 503.295, 503.29, 503.283, 503.28, 503.273, 503.268, 503.26, 503.255, 503.25, 503.245, 503.24, 503.232, 503.228, 503.222, 503.215, 503.212, 503.205, 503.2, 503.195, 503.188, 503.185, 503.178, 503.173, 503.168, 503.16, 503.158, 503.15, 503.145, 503.14, 503.135, 503.13, 503.123, 503.118, 503.115, 503.105, 503.102, 503.097, 503.092, 503.085, 503.08, 503.077, 503.067, 503.067, 503.058, 503.055, 503.05, 503.043, 503.04, 503.032, 503.027, 503.025, 503.015, 503.015, 503.005, 503.003, 502.998, 502.992, 502.985, 502.982, 502.977, 502.97, 502.965, 502.962, 502.955, 502.952, 502.945, 502.94, 502.935, 502.93, 502.928, 502.92, 502.915, 502.91, 502.905, 502.9, 502.895, 502.893, 502.883, 502.883, 502.875, 502.87, 502.865, 502.862, 502.855, 502.85, 502.845, 502.843, 502.835, 502.83, 502.827, 502.82, 502.817, 502.812, 502.805, 502.802, 502.798, 502.793, 502.788, 502.783, 502.778, 502.773, 502.77, 502.762, 502.76, 502.752, 502.75, 502.745, 502.74, 502.735, 502.73, 502.725, 502.722, 502.715, 502.712, 502.705, 502.705, 502.695, 502.695, 502.688, 502.683, 502.68, 502.675, 502.67, 502.665, 502.66, 502.655, 502.653, 502.647, 502.642, 502.637, 502.632, 502.63, 502.623, 502.62, 502.615, 502.61, 502.607, 502.6, 502.6, 502.59, 502.59, 502.582, 502.58, 502.575, 502.57, 502.565, 502.562, 502.558, 502.553, 502.548, 502.545, 502.54, 502.535, 502.53, 502.527, 502.52, 502.52, 502.513, 502.51, 502.503, 502.503, 502.495, 502.492, 502.487, 502.482, 502.48, 502.472, 502.472, 502.465, 502.462, 502.457, 502.452, 502.45, 502.445, 502.44, 502.438, 502.433, 502.428, 502.425, 502.42, 502.415, 502.41, 502.41, 502.4, 502.4, 502.395, 502.393, 502.385, 502.382, 502.38, 502.372, 502.37, 502.367, 502.362, 502.357, 502.353, 502.35, 502.348, 502.34, 502.34, 502.332, 502.33, 502.325, 502.322, 502.317, 502.312, 502.31, 502.305, 502.303, 502.298, 502.295, 502.29, 502.285, 502.283, 502.278, 502.275, 502.27, 502.265, 502.262, 502.26, 502.252, 502.252, 502.245, 502.245, 502.238, 502.235, 502.233, 502.227, 502.222, 502.22, 502.217, 502.21, 502.21, 502.205, 502.2, 502.197, 502.192, 502.19, 502.185, 502.183, 502.178, 502.175, 502.17, 502.168, 502.163, 502.16, 502.155, 502.152, 502.147, 502.145, 502.14, 502.138, 502.135, 502.128, 502.128, 502.123, 502.117, 502.117, 502.11, 502.107, 502.105, 502.1, 502.097, 502.092, 502.09, 502.087, 502.082, 502.077, 502.077, 502.07, 502.07, 502.062, 502.062, 502.058, 502.053, 502.053, 502.045, 502.045, 502.04, 502.035, 502.035, 502.028, 502.028, 502.02, 502.02, 502.015, 502.013, 502.008, 502.008, 502.0, 501.997]]
data1 = 'Kp': 0.058, 'Ki': 0.001, 'Kd': 0.001, 'Setpoint': 500.0, 'Areas': [[747.817, 415.787, 531.473, 483.108, 502.435, 494.692, 497.877, 496.668, 497.227, 497.072, 497.205, 497.217, 497.283, 497.32, 497.37, 497.415, 497.457, 497.502, 497.545, 497.588, 497.63, 497.67, 497.707, 497.75, 497.788, 497.825, 497.865, 497.898, 497.938, 497.97, 498.008, 35.226, 239.342, 589.797, 479.232, 520.178, 505.017, 510.327, 508.182, 508.757, 508.347, 508.297, 508.12, 507.995, 507.85, 507.72, 507.585, 507.455, 507.327, 507.202, 507.077, 506.955, 506.837, 506.717, 506.605, 506.49, 506.377, 506.27, 506.16, 506.057, 505.95, 505.85, 505.747, 505.65, 505.552, 505.457, 505.365, 505.27, 505.182, 505.09, 505.005, 504.92, 504.832, 504.75, 504.67, 504.59, 504.51, 504.432, 504.355, 504.282, 504.207, 504.137, 504.062, 503.997, 503.925, 503.86, 503.79, 503.73, 503.662, 503.6, 503.537, 503.477, 503.42, 503.357, 503.302, 503.245, 503.187, 503.135, 503.08, 503.027, 502.975, 502.925, 502.875, 502.822, 502.777, 502.727, 502.682, 502.635, 502.59, 502.547, 502.5, 502.46, 502.417, 502.375, 502.332, 502.295, 502.255, 502.217, 502.177, 502.14, 502.105, 502.067, 502.032, 501.995, 13.889, 68.904, 601.325, 479.608, 529.338, 510.982, 517.422, 514.68, 515.33, 514.733, 514.602, 514.308, 514.077, 513.83, 513.595, 513.36, 513.13, 512.905, 512.683, 512.467, 512.25, 512.043, 511.832, 511.632, 511.43, 511.235, 511.04, 510.853, 510.665, 510.483, 510.303, 510.125, 509.95, 509.78, 509.612, 509.447, 509.285, 509.125, 508.967, 508.815, 508.662, 508.515, 508.365, 508.225, 508.082, 507.945, 507.808, 507.673, 507.543, 507.41, 507.285, 507.16, 507.035, 506.918, 506.795, 506.68, 506.565, 506.452, 506.343, 506.23, 506.127, 506.02, 505.915, 505.817, 505.712, 505.618, 505.523, 505.425, 505.332, 505.24, 505.15, 505.062, 504.975, 504.89, 504.808, 504.722, 504.643, 504.56, 504.485, 504.408, 504.33, 504.258, 504.183, 504.113, 504.043, 503.97, 503.905, 503.835, 503.77, 503.707, 503.64, 503.58, 503.517, 503.46, 503.395, 503.343, 503.28, 503.228, 503.17, 503.115, 503.065, 503.007, 502.96, 502.905, 502.86, 502.808, 502.76, 502.712, 502.665, 502.623, 502.572, 502.533, 502.487, 502.445, 502.403, 502.36, 502.322, 502.28, 502.243, 502.202, 502.168, 502.127, 502.09, 502.058, 502.02, 501.985, 54.921, 140.704, 499.282]]
data1 = 'Kp': 0.058, 'Ki': 0.0001, 'Kd': 0.001, 'Setpoint': 500.0, 'Areas': [[497.817, 500.632, 49.974, 150.053, 540.273, 482.445, 507.62, 499.11, 50.011, 151.021, 543.2, 483.295, 509.112, 500.368, 49.995, 151.581, 545.49, 484.305, 510.525, 501.64]]
data1 = 'Kp': 0.058, 'Ki': 0.0001, 'Kd': 0.001, 'Setpoint': 500.0, 'Areas': [[497.817, 500.632, 49.974, 150.053, 540.273, 482.445, 507.62, 499.11, 50.011, 151.021, 543.2, 483.295, 509.112, 500.368, 49.995, 151.581, 545.49, 484.305, 510.525, 501.64]]
data1 = 'Kp': 0.058, 'Ki': 0.0001, 'Kd': 0.001, 'Setpoint': 500.0, 'Areas': [[497.817, 500.632, 49.974, 150.053, 540.273, 482.445, 507.62, 499.11, 50.011, 151.021, 543.2, 483.295, 509.112, 500.368, 49.995, 151.581, 545.49, 484.305, 510.525, 501.64]]
data1 = 'Kp': 0.058, 'Ki': 0.0001, 'Kd': 0.001, 'Setpoint': 500.0, 'Areas': [[497.817, 500.632, 49.974, 150.053, 540.273, 482.445, 507.62, 499.11, 50.011, 151.021, 543.2, 483.295, 509.112, 500.368, 49.995, 151.581, 545.49, 484.305, 510.525, 501.64]]
data1 = 'Kp': 0.058, 'Ki': 0.0001, 'Kd': 0.001, 'Setpoint': 500.0, 'Areas': [[497.817, 500.632, 49.974, 150.053, 540.273, 482.445, 507.62, 499.11, 50.011, 151.021, 543.2, 483.295, 509.112, 500.368, 49.995, 151.581, 545.49, 484.305, 510.525, 501.64]]
data1 = 'Kp': 0.058, 'Ki': 0.0001, 'Kd': 0.001, 'Setpoint': 500.0, 'Areas': [[872.817, 376.47, 551.79, 475.915, 510.388, 494.573, 501.77, 160.39, 541.523, 465.75, 522.278, 485.705, 509.433, 493.988, 504.015, 497.493, 501.73, 304.545, 670.915, 333.613, 662.64, 339.878, 658.73, 342.727, 656.865, 344.099, 655.95, 344.774, 655.495, 345.111, 655.267, 345.277, 655.152, 345.362, 655.095, 345.402, 655.065, 345.425, 655.048, 345.436, 655.04, 345.439, 655.035, 345.443, 655.03, 345.446, 655.028, 345.445, 655.028, 345.444, 655.025, 345.445, 655.025, 345.443, 655.022, 345.444, 655.022, 345.442, 655.02, 345.444, 655.017, 345.444, 655.017, 345.442, 655.017, 345.44, 655.017, 345.44, 655.015, 345.44, 655.013, 345.442, 655.01, 345.442, 655.01, 345.44, 655.007, 345.442, 655.005, 345.443, 655.003, 345.444, 655.003, 345.44, 655.003, 345.441, 655.0, 345.441, 655.0, 345.44, 655.0, 345.438, 654.997, 345.44, 654.995, 345.44, 654.995, 345.438, 654.995, 345.438, 654.993, 345.439, 654.99, 345.44, 654.99, 345.438, 654.987, 345.44, 654.985, 345.44, 654.985, 345.438, 654.985, 345.437, 654.983, 345.439, 654.98, 345.44, 654.98, 345.437, 654.98, 345.436, 654.98, 345.434, 654.978, 345.437, 654.975, 345.437, 654.975, 345.435, 654.975, 345.433, 654.975, 345.433, 654.973, 345.435, 654.97, 345.435, 654.967, 345.436, 654.967, 345.434, 654.967, 345.433, 654.965, 345.434, 654.965, 345.433, 654.965, 345.432, 654.962, 345.433, 654.96, 345.434, 654.96, 345.432, 654.96, 345.432, 654.957, 345.433, 654.957, 345.431, 654.955, 345.433, 654.955, 345.43, 654.955, 345.43, 654.953, 345.431, 654.953, 345.429, 654.95, 345.432, 654.947, 345.432, 654.947, 345.43, 654.947, 345.429, 654.947, 345.427, 654.947, 345.426, 654.945, 345.429, 654.942, 345.429, 654.94, 345.431, 654.94, 345.428, 654.94, 345.427, 654.94, 345.426, 654.938, 345.428, 654.935, 345.43, 654.933, 345.43, 654.933, 345.428, 654.933, 345.428, 654.93, 345.429, 654.93, 345.427, 654.93, 345.426, 654.928, 345.428, 654.925, 345.43, 654.923, 345.43, 654.923, 345.429, 654.923, 345.427, 654.923, 345.426, 654.923, 345.425, 654.923, 345.425, 654.92, 345.426, 654.918, 345.426, 654.918, 345.425, 654.918, 345.425, 654.915, 345.426, 654.913, 345.427, 654.913, 345.425, 654.913, 345.425, 654.913, 345.423, 654.913, 345.423, 654.91, 345.424, 654.91, 345.423, 654.908, 345.425, 654.905, 345.425, 654.905, 345.424, 654.905, 345.423, 654.905, 345.421, 654.905, 345.421, 654.903, 345.423, 654.9, 345.424, 654.9, 345.422, 654.9, 345.421, 654.9, 345.42, 654.898, 345.423, 654.895, 345.423, 654.895, 345.422, 654.892, 345.424, 654.892, 345.422, 654.892, 345.42, 654.892, 345.42, 654.892, 345.419, 654.892, 345.419, 654.89, 345.419, 654.89, 345.419, 654.888, 345.42, 654.885, 345.422, 654.882, 345.423, 654.882, 345.421, 654.882, 345.42, 654.882, 345.419, 654.882, 345.419, 654.88, 345.42, 654.88, 345.419, 654.88, 345.418, 654.88, 345.417, 654.878, 345.419, 654.875, 345.42, 654.875, 345.418, 654.875, 345.419, 654.872, 345.419, 654.872, 345.418, 654.872, 345.418, 654.87, 345.419, 654.87, 345.417, 654.87, 345.418, 654.867, 345.419, 654.867, 345.417, 654.867, 345.416, 654.867, 345.416, 654.865, 345.417, 654.865, 345.416, 654.865, 345.415, 654.862, 345.417, 654.862, 345.415, 654.862, 345.415, 654.86, 345.417, 654.857, 345.419, 654.855, 345.419, 654.855, 345.418, 654.855, 345.418, 654.855, 345.416, 654.855, 345.415, 654.855, 345.414, 654.855, 345.414, 654.852, 345.416, 654.85, 345.417, 654.85, 345.416, 654.85, 345.414, 654.85, 345.414, 654.85, 345.412, 654.85, 345.412, 654.847, 345.415, 654.845, 345.416, 654.845, 345.413, 654.845, 345.414, 654.845, 345.412, 654.845, 345.412, 654.845, 345.411, 654.842, 345.413, 654.842, 345.412, 654.842, 345.411, 654.84, 345.413, 654.838, 345.415, 654.835, 345.416, 654.835, 345.414, 654.835, 345.414, 654.835, 345.412, 654.835, 345.412, 654.835, 345.412, 654.835, 345.41, 654.835, 345.41, 654.835, 345.409, 654.832, 345.412, 654.83, 345.412, 654.83, 345.411, 654.83, 345.41, 654.83, 345.41, 654.83, 345.409, 654.828, 345.412, 654.825, 345.412, 654.825, 345.411, 654.825, 345.41, 654.825, 345.41, 654.825, 345.409, 654.825, 345.408, 654.825, 345.407, 654.822, 345.41, 654.822, 345.408, 654.822, 345.407, 654.822, 345.407, 654.82, 345.409, 654.818, 345.411, 654.818, 345.409, 654.818, 345.409, 654.815, 345.411, 654.815, 345.409, 654.815, 345.409, 654.815, 345.408, 654.815, 345.406, 654.815, 345.407, 654.812, 345.409, 654.81, 345.411, 654.81, 345.408, 654.81, 345.409, 654.81, 345.407, 654.81, 345.407, 654.808, 345.409, 654.808, 345.408, 654.808, 345.406, 654.808, 345.407, 654.805, 345.409, 654.805, 345.406, 654.805, 345.407, 654.805, 345.405, 654.805, 1202.588, 637.18, 576.815, 544.019, 525.758, 515.018, 508.542, 504.59, 502.158, 500.659]]
data1 = 'Kp': 0.009, 'Ki': 0.0001, 'Kd': 0.005, 'Setpoint': 500.0, 'Areas': [[872.817, 757.793, 717.868, 676.777, 643.35, 615.255, 591.832, 572.34, 556.163, 542.767, 531.702, 522.585, 515.09, 508.94, 503.908, 499.798, 160.751, 204.427, 233.308, 266.257, 301.228, 336.836, 371.087, 400.167, 422.237, 439.565, 453.147, 463.852, 472.305, 479.0, 484.305, 488.512, 491.855, 494.508, 496.613, 498.28, 307.195, 376.451, 402.54, 431.355, 452.392, 467.832, 479.165, 487.53, 493.712, 498.282, 691.14, 661.385, 646.179, 630.859, 616.499, 603.093, 590.69, 579.311, 568.956, 559.605, 551.221, 543.754, 537.144, 531.326, 526.23, 521.789, 517.931, 514.596, 511.72, 509.25, 507.131, 505.321, 503.776, 502.464, 501.35]]
data1 = 'Kp': 0.009, 'Ki': 0.0001, 'Kd': 0.005, 'Setpoint': 500.0, 'Areas': [[497.817, 498.49, 50.06, 62.588, 72.336, 84.154, 98.745, 117.221, 141.251, 173.296, 216.715, 272.625, 320.535, 359.688, 392.095, 418.942, 441.217, 459.702, 475.04, 487.755, 498.285, 50.13, 63.681, 74.85, 88.752, 106.514, 129.994, 162.176, 207.753, 271.065, 327.39, 373.007, 410.732, 441.925, 467.752, 489.135, 506.817, 521.42, 533.447, 543.322, 551.403, 557.98, 563.303, 567.58, 570.982, 573.658, 575.722, 577.283, 578.423, 579.21, 579.71, 579.965, 580.025, 579.918, 579.675, 579.32, 578.875, 578.352, 577.773, 577.143, 576.472, 575.77, 575.045, 574.303, 573.545, 572.775, 572.003, 571.222, 570.44, 569.66, 568.88, 568.105, 567.33, 566.562, 565.8, 565.04, 564.29, 563.545, 562.808, 562.077, 561.355, 560.638, 559.93, 559.23, 558.535, 557.85, 557.173, 556.502, 555.84, 555.183, 554.535, 553.895, 553.263, 552.637, 552.02, 551.407, 550.803, 550.207, 549.615, 549.033, 548.457, 547.888, 547.325, 546.768, 546.217, 545.675, 545.138, 544.605, 544.082, 543.562, 543.053, 542.545, 542.045, 541.55, 541.062, 540.577, 540.103, 539.63, 539.163, 538.702, 538.247, 537.8, 537.352, 536.915, 536.48, 536.053, 535.627, 535.207, 534.795, 534.385, 533.98, 533.582, 533.185, 532.795, 532.41, 532.03, 531.653, 531.28, 530.913, 530.548, 530.19, 529.835, 529.482, 529.138, 528.793, 528.455, 528.12, 527.79, 527.462, 527.14, 526.82, 526.505, 526.192, 525.885, 525.582, 525.28, 524.982, 524.69, 524.398, 524.112, 523.827, 523.548, 523.27, 522.998, 522.727, 522.457, 522.195, 521.935, 521.675, 521.42, 521.17, 520.92, 520.675, 520.43, 520.19, 519.952, 519.717, 519.488, 519.258, 519.03, 518.808, 518.585, 518.367, 518.15, 517.938, 517.725, 517.518, 517.312, 517.107, 516.908, 516.707, 516.513, 516.317, 516.125, 515.935, 515.747, 515.562, 515.38, 515.2, 515.02, 514.845, 514.67, 514.498, 514.325, 514.158, 513.99, 513.827, 513.663, 513.503, 513.345, 513.188, 513.032, 512.877, 512.727, 512.577, 512.43, 512.283, 512.14, 511.995, 511.855, 511.715, 511.577, 511.442, 511.308, 511.175, 511.043, 510.913, 510.785, 510.658, 510.533, 510.408, 510.285, 510.165, 510.045, 509.928, 509.81, 509.695, 509.58, 509.467, 509.357, 509.247, 509.137, 509.03, 508.925, 508.82, 508.715, 508.612, 508.513, 508.413, 508.312, 508.215, 508.118, 508.023, 507.928, 507.835, 507.742, 507.652, 507.562, 507.472, 507.385, 507.298, 507.213, 507.127, 507.045, 506.96, 506.88, 506.798, 506.718, 506.64, 506.56, 506.485, 506.408, 506.332, 506.257, 506.185, 506.11, 506.04, 505.967, 505.897, 505.83, 505.76, 505.692, 505.625, 505.56, 505.495, 505.43, 505.365, 505.303, 505.24, 505.178, 505.118, 505.058, 504.998, 504.938, 504.88, 504.822, 504.767, 504.71, 504.655, 504.6, 504.548, 504.492, 504.44, 504.387, 504.337, 504.285, 504.235, 504.185, 504.135, 504.088, 504.04, 503.99, 503.945, 503.898, 503.852, 503.808, 503.762, 503.717, 503.675, 503.63, 503.587, 503.548, 503.505, 503.462, 503.423, 503.382, 503.342, 503.303, 503.265, 503.225, 503.188, 503.15, 503.112, 503.077, 503.04, 503.005, 502.97, 502.935, 502.9, 502.865, 502.832, 502.798, 502.765, 502.732, 502.702, 502.67, 502.637, 502.608, 502.575, 502.548, 502.515, 502.488, 502.457, 502.428, 502.4, 502.373, 502.342, 502.315, 502.29, 502.263, 502.235, 502.21, 502.183, 502.158, 502.132, 502.108, 502.082, 502.058, 502.033, 502.01, 501.985, 50.049, 62.646, 72.447, 84.34, 99.04, 117.684, 141.976, 174.436, 218.511, 274.865, 322.592, 361.678, 394.023, 420.817, 443.05, 461.498, 476.8, 489.485, 499.988]]
data1 = 'Kp': 0.009, 'Ki': 0.0005, 'Kd': 0.005, 'Setpoint': 500.0, 'Areas': [[497.817, 498.51, 50.059, 62.995, 73.792, 87.745, 106.417, 132.654, 171.773, 234.038, 314.67, 378.91, 432.987, 478.03, 515.39, 546.1, 571.038, 590.96, 606.54, 618.37, 626.982, 632.852, 636.398, 637.99, 637.96, 636.592, 634.135, 630.81, 626.8, 622.267, 617.345, 612.155, 606.793, 601.34, 595.867, 590.428, 585.07, 579.83, 574.74, 569.82, 565.09, 560.558, 556.237, 552.13, 548.237, 544.56, 541.097, 537.845, 534.795, 531.942, 529.28, 526.8, 524.495, 522.357, 520.38, 518.548, 516.857, 515.3, 513.867, 512.553, 511.345, 510.24, 509.227, 508.303, 507.46, 506.695, 505.995, 505.362, 504.787, 504.265, 503.795, 503.37, 502.987, 502.64, 502.33, 502.053, 501.802, 49.987, 62.926, 73.701, 87.622, 106.246, 132.407, 171.403, 233.467, 314.213, 378.603, 432.803, 477.955, 515.41, 546.2, 571.205, 591.183, 606.803, 618.665, 627.303, 633.185, 636.737, 638.335, 638.303, 636.93, 634.467, 631.13, 627.11, 622.562, 617.63, 612.425, 607.05, 601.582, 596.095, 590.643, 585.273, 580.02, 574.918, 569.988, 565.245, 560.702, 556.37, 552.255, 548.353, 544.668, 541.197, 537.935, 534.88, 532.02, 529.353, 526.868, 524.558, 522.415, 520.43, 518.595, 516.9, 515.34, 513.905, 512.585, 511.375, 510.265, 509.253, 508.325, 507.48, 506.712, 506.013, 505.375, 504.8, 504.278, 503.805, 503.38, 502.995, 502.65, 502.338, 502.058, 501.808, 49.916, 62.815, 73.551, 87.416, 105.952, 131.973, 170.727, 232.366, 313.235, 377.837, 432.212, 477.517, 515.107, 546.01, 571.112, 591.17, 606.86, 618.777, 627.457, 633.375, 636.952, 638.567, 638.548, 637.182, 634.722, 631.387, 627.362, 622.812, 617.873, 612.66, 607.275, 601.798, 596.303, 590.84, 585.46, 580.197, 575.085, 570.142, 565.393, 560.842, 556.5, 552.375, 548.467, 544.775, 541.297, 538.027, 534.965, 532.1, 529.425, 526.935, 524.62, 522.472, 520.482, 518.645, 516.945, 515.382, 513.942, 512.62, 511.405, 510.295, 509.277, 508.35, 507.502, 506.732, 506.03, 505.392, 504.815, 504.293, 503.817, 503.39, 503.005, 502.657, 502.345, 502.065, 501.815]]
data1 = 'Kp': 0.007, 'Ki': 0.0005, 'Kd': 0.005, 'Setpoint': 500.0, 'Areas': [[497.817, 498.413, 50.064, 61.005, 69.15, 79.312, 92.25, 109.268, 132.577, 166.132, 217.33, 291.527, 357.325, 414.732, 464.85, 508.377, 545.89, 577.888, 604.815, 627.085, 645.097, 659.237, 669.878, 677.382, 682.105, 684.375, 684.51, 682.807, 679.54, 674.96, 669.3, 662.77, 655.553, 647.817, 639.717, 631.377, 622.912, 614.425, 606.0, 597.707, 589.61, 581.76, 574.197, 566.952, 560.057, 553.525, 547.37, 541.597, 536.215, 531.22, 526.602, 522.362, 518.485, 514.957, 511.77, 508.902, 506.34, 504.067, 502.065, 500.317, 50.051, 60.838, 68.761, 78.617, 91.11, 107.445, 129.644, 161.271, 208.905, 280.415, 347.022, 404.765, 455.28, 499.21, 50.083, 65.474, 80.016, 100.194, 130.176, 179.349, 270.007, 368.577, 451.033, 522.743, 584.513, 637.298, 681.8, 718.632, 748.372, 770.182, 784.47, 793.95, 799.848, 802.919, 803.607, 802.167, 798.731, 793.343, 785.987, 776.613, 765.157, 751.582, 736.888, 722.033, 707.1, 692.253, 677.62, 663.315, 649.423, 636.017, 623.16, 610.89, 599.247, 588.248, 577.912, 568.247, 559.248, 550.91, 543.225, 536.173, 529.737, 523.895, 518.62, 513.885, 509.665, 505.928, 502.643, 499.782]]
data1 = 'Kp': 0.007, 'Ki': 0.0005, 'Kd': 0.005, 'Setpoint': 500.0, 'Areas': [[497.817, 498.413, 50.064, 61.005, 69.15, 79.312, 92.25, 109.268, 132.577, 166.132, 217.33, 291.527, 357.325, 414.732, 464.85, 508.377, 545.89, 577.888, 604.815, 627.085, 645.097, 659.237, 669.878, 677.382, 682.105, 684.375, 684.51, 682.807, 679.54, 674.96, 669.3, 662.77, 655.553, 647.817, 639.717, 631.377, 622.912, 614.425, 606.0, 597.707, 589.61, 581.76, 574.197, 566.952, 560.057, 553.525, 547.37, 541.597, 536.215, 531.22, 526.602, 522.362, 518.485, 514.957, 511.77, 508.902, 506.34, 504.067, 502.065, 500.317, 50.051, 60.838, 68.761, 78.617, 91.11, 107.445, 129.644, 161.271, 208.905, 280.415, 347.022, 404.765, 455.28, 499.21, 50.083, 65.474, 80.016, 100.194, 130.176, 179.349, 270.007, 368.577, 451.033, 522.743, 584.513, 637.298, 681.8, 718.632, 748.372, 770.182, 784.47, 793.95, 799.848, 802.919, 803.607, 802.167, 798.731, 793.343, 785.987, 776.613, 765.157, 751.582, 736.888, 722.033, 707.1, 692.253, 677.62, 663.315, 649.423, 636.017, 623.16, 610.89, 599.247, 588.248, 577.912, 568.247, 559.248, 550.91, 543.225, 536.173, 529.737, 523.895, 518.62, 513.885, 509.665, 505.928, 502.643, 499.782]]
data1 = 'Kp': 0.007, 'Ki': 0.0005, 'Kd': 0.005, 'Setpoint': 500.0, 'Areas': [[497.817, 498.413, 50.064, 61.005, 69.15, 79.312, 92.25, 109.268, 132.577, 166.132, 217.33, 291.527, 357.325, 414.732, 464.85, 508.377, 545.89, 577.888, 604.815, 627.085, 645.097, 659.237, 669.878, 677.382, 682.105, 684.375, 684.51, 682.807, 679.54, 674.96, 669.3, 662.77, 655.553, 647.817, 639.717, 631.377, 622.912, 614.425, 606.0, 597.707, 589.61, 581.76, 574.197, 566.952, 560.057, 553.525, 547.37, 541.597, 536.215, 531.22, 526.602, 522.362, 518.485, 514.957, 511.77, 508.902, 506.34, 504.067, 502.065, 500.317, 50.051, 60.838, 68.761, 78.617, 91.11, 107.445, 129.644, 161.271, 208.905, 280.415, 347.022, 404.765, 455.28, 499.21, 50.083, 65.474, 80.016, 100.194, 130.176, 179.349, 270.007, 368.577, 451.033, 522.743, 584.513, 637.298, 681.8, 718.632, 748.372, 770.182, 784.47, 793.95, 799.848, 802.919, 803.607, 802.167, 798.731, 793.343, 785.987, 776.613, 765.157, 751.582, 736.888, 722.033, 707.1, 692.253, 677.62, 663.315, 649.423, 636.017, 623.16, 610.89, 599.247, 588.248, 577.912, 568.247, 559.248, 550.91, 543.225, 536.173, 529.737, 523.895, 518.62, 513.885, 509.665, 505.928, 502.643, 499.782]]
data1 = 'Kp': 0.007, 'Ki': 0.0005, 'Kd': 0.005, 'Setpoint': 500.0, 'Areas': [[497.817, 498.413, 50.064, 61.005, 69.15, 79.312, 92.25, 109.268, 132.577, 166.132, 217.33, 291.527, 357.325, 414.732, 464.85, 508.377, 545.89, 577.888, 604.815, 627.085, 645.097, 659.237, 669.878, 677.382, 682.105, 684.375, 684.51, 682.807, 679.54, 674.96, 669.3, 662.77, 655.553, 647.817, 639.717, 631.377, 622.912, 614.425, 606.0, 597.707, 589.61, 581.76, 574.197, 566.952, 560.057, 553.525, 547.37, 541.597, 536.215, 531.22, 526.602, 522.362, 518.485, 514.957, 511.77, 508.902, 506.34, 504.067, 502.065, 500.317, 50.051, 60.838, 68.761, 78.617, 91.11, 107.445, 129.644, 161.271, 208.905, 280.415, 347.022, 404.765, 455.28, 499.21, 50.083, 65.474, 80.016, 100.194, 130.176, 179.349, 270.007, 368.577, 451.033, 522.743, 584.513, 637.298, 681.8, 718.632, 748.372, 770.182, 784.47, 793.95, 799.848, 802.919, 803.607, 802.167, 798.731, 793.343, 785.987, 776.613, 765.157, 751.582, 736.888, 722.033, 707.1, 692.253, 677.62, 663.315, 649.423, 636.017, 623.16, 610.89, 599.247, 588.248, 577.912, 568.247, 559.248, 550.91, 543.225, 536.173, 529.737, 523.895, 518.62, 513.885, 509.665, 505.928, 502.643, 499.782]]
data1 = 'Kp': 0.007, 'Ki': 0.0005, 'Kd': 0.005, 'Setpoint': 500.0, 'Areas': [[497.817, 498.413, 500.0, 500.0, 500.0]]
data1 = 'Kp': 0.007, 'Ki': 0.0005, 'Kd': 0.005, 'Setpoint': 500.0, 'Areas': [[872.817, 770.908, 733.267, 691.485, 654.962, 623.283, 595.815, 572.048, 551.515, 533.812, 518.57, 505.47, 494.225, 484.588, 476.337, 469.28, 463.25, 458.103, 453.71, 449.965, 446.775, 444.055, 441.74, 439.77, 438.093, 436.667, 435.46, 434.971, 435.266, 436.204, 437.688, 439.612, 441.892, 444.445, 447.205, 450.105, 453.1, 456.137, 459.183, 462.197, 465.163, 468.048, 470.835, 473.512, 476.07, 478.493, 480.783, 482.933, 484.94, 486.805, 488.535, 490.125, 491.582, 492.913, 494.12, 495.21, 496.188, 497.06, 497.835, 498.52, 750.0, 674.585, 648.78, 619.015, 593.102, 569.82, 549.255, 531.26, 515.7, 502.41, 491.218, 481.94, 474.395, 468.4, 463.778, 460.365, 458.002, 456.54, 455.85, 455.808, 456.303, 457.238, 458.528, 460.095, 461.873, 463.803, 465.84, 467.935, 470.058, 472.178, 474.27, 476.313, 478.293, 480.195, 482.01, 483.735, 485.36, 486.887, 488.31, 489.635, 490.86, 491.988, 493.02, 493.963, 494.82, 495.595, 496.29, 496.918, 497.473, 497.968, 498.403, 875.0, 741.025, 700.945, 650.44, 608.908, 573.655, 544.905, 521.468, 502.525, 487.295, 475.105, 465.385, 457.658, 451.525, 446.673, 442.975, 441.095, 440.473, 440.898, 442.12, 443.96, 446.245, 448.85, 451.665, 454.6, 457.585, 460.565, 463.498, 466.348, 469.093, 471.713, 474.198, 476.538, 478.73, 480.773, 482.67, 484.425, 486.038, 487.52, 488.875, 490.108, 491.23, 492.245, 493.163, 493.988, 494.73, 495.395, 495.988, 496.518, 496.988, 497.403, 497.773, 498.095, 753.736, 723.766, 706.946, 688.604, 669.606, 650.34, 631.626, 613.544, 596.209, 579.727, 564.19, 549.665, 536.197, 523.812, 512.51, 502.27, 493.398, 485.905, 479.486, 473.946, 469.13, 464.92, 461.22, 457.954, 455.061, 452.489, 450.196, 448.146, 446.309, 444.66, 443.176, 441.84, 440.634, 439.544, 438.559, 437.686, 437.321, 437.384, 437.84, 438.655, 439.795, 441.23, 442.929, 444.862, 447.005, 449.329, 451.804, 454.406, 457.108, 459.882, 462.706, 465.552, 468.399, 471.222, 474.001, 476.716, 479.349, 481.885, 484.309, 486.611, 488.78, 490.811, 492.696, 494.436, 496.026, 497.47, 498.77]]
data1 = 'Kp': 0.009, 'Ki': 0.0001, 'Kd': 0.005, 'Setpoint': 500.0, 'Areas': [[872.817, 757.793, 717.868, 676.777, 643.408, 615.678, 592.783, 573.905, 558.378, 545.63, 535.18, 526.628, 519.637, 513.93, 509.272, 505.475, 502.383, 499.865, 750.0, 662.605, 634.457, 604.773, 581.722, 562.935, 547.852, 535.758, 526.092, 518.388, 512.257, 507.387, 503.525, 500.463, 875.0, 721.595, 680.82, 632.467, 598.077, 570.91, 550.352, 534.765, 523.05, 514.277, 507.727, 502.855, 499.232, 750.33, 716.281, 697.005, 677.588, 658.991, 641.296, 624.623, 609.061, 594.683, 581.524, 569.594, 558.874, 549.319, 540.869, 533.446, 526.967, 521.344, 516.486, 512.306, 508.726, 505.668, 503.063, 500.848]]
data1 = 'Kp': 0.0097, 'Ki': 0.0001, 'Kd': 0.005, 'Setpoint': 500.0, 'Areas': [[872.817, 752.047, 709.965, 667.37, 633.35, 605.543, 582.975, 564.692, 549.92, 538.005, 528.413, 520.702, 514.513, 509.55, 505.572, 502.388, 499.838, 750.0, 658.258, 628.783, 598.168, 574.91, 556.308, 541.675, 530.18, 521.183, 514.158, 508.683, 504.423, 501.113, 875.0, 713.795, 671.538, 621.918, 587.8, 561.44, 542.063, 527.758, 517.298, 509.675, 504.135, 500.123, 749.196, 713.652, 693.042, 672.411, 652.764, 634.207, 616.877, 600.876, 586.269, 573.079, 561.294, 550.865, 541.72, 533.765, 526.896, 521.0, 515.97, 511.696, 508.084, 505.037, 502.479, 500.334]]
data1 = 'Kp': 0.009, 'Ki': 0, 'Kd': 0, 'Setpoint': 500.0, 'Areas': [[872.817, 799.525, 740.287, 692.34, 653.585, 622.342, 597.24, 577.132, 561.082, 548.3, 538.148, 530.1, 523.733, 518.7, 514.725, 511.592, 509.122, 507.177, 505.645, 504.44, 503.493, 502.745, 502.158, 501.698, 501.332, 501.047, 500.825, 750.0, 695.85, 652.408, 617.9, 590.747, 569.555, 553.127, 540.47, 530.762, 523.345, 517.692, 513.395, 510.132, 507.66, 505.79, 504.375, 503.302, 502.495, 501.885, 501.422, 501.072, 500.81, 875.0, 780.163, 705.045, 647.368, 604.335, 573.0, 550.62, 534.873, 523.91, 516.34, 511.142, 507.585, 505.158, 503.505, 502.38, 501.615, 501.095, 500.745, 748.215, 727.619, 707.474, 687.911, 669.07, 651.091, 634.104, 618.222, 603.533, 590.091, 577.923, 567.019, 557.341, 548.831, 541.409, 534.984, 529.457, 524.734, 520.715, 517.314, 514.444, 512.031, 510.009, 508.318, 506.905, 505.729, 504.749, 503.935, 503.259, 502.699, 502.234, 501.848, 501.529, 501.265, 501.046, 500.865]]
data1 = 'Kp': 0.003, 'Ki': 0, 'Kd': 0, 'Setpoint': 500.0, 'Areas': [[872.817, 848.413, 825.588, 804.23, 784.233, 765.51, 747.977, 731.558, 716.18, 701.783, 688.3, 675.683, 663.875, 652.827, 642.493, 632.83, 623.797, 615.358, 607.472, 600.108, 593.23, 586.81, 580.82, 575.232, 570.02, 565.16, 560.63, 556.408, 552.472, 548.808, 545.392, 542.213, 539.253, 536.498, 533.933, 531.545, 529.322, 527.255, 525.332, 523.545, 521.88, 520.335, 518.895, 517.558, 516.315, 515.16, 514.085, 513.085, 512.158, 511.295, 510.492, 509.748, 509.055, 508.41, 507.812, 507.257, 506.74, 506.262, 505.815, 505.403, 505.018, 504.66, 504.33, 504.02, 503.735, 503.467, 503.22, 502.993, 502.778, 502.58, 502.398, 502.225, 502.067, 501.92, 501.783, 501.655, 501.537, 501.427, 501.327, 501.232, 501.145, 501.062, 500.988, 750.0, 732.1, 715.353, 699.693, 685.065, 671.41, 658.68, 646.818, 635.775, 625.505, 615.96, 607.092, 598.868, 591.238, 584.165, 577.618, 571.555, 565.95, 560.765, 555.973, 551.548, 547.46, 543.69, 540.21, 537.0, 534.043, 531.315, 528.803, 526.49, 524.358, 522.395, 520.59, 518.928, 517.398, 515.99, 514.695, 513.503, 512.408, 511.403, 510.475, 509.625, 508.843, 508.123, 507.463, 506.855, 506.298, 505.785, 505.312, 504.88, 504.483, 504.118, 503.78, 503.473, 503.19, 502.93, 502.69, 502.47, 502.27, 502.083, 501.913, 501.758, 501.613, 501.483, 501.36, 501.25, 501.148, 501.055, 500.968, 875.0, 844.053, 815.095, 788.068, 762.915, 739.565, 717.947, 697.983, 679.595, 662.697, 647.203, 633.03, 620.093, 608.303, 597.58, 587.843, 579.015, 571.025, 563.798, 557.275, 551.39, 546.085, 541.31, 537.018, 533.155, 529.688, 526.575, 523.783, 521.278, 519.033, 517.023, 515.22, 513.608, 512.163, 510.873, 509.715, 508.683, 507.758, 506.93, 506.193, 505.53, 504.94, 504.413, 503.943, 503.52, 503.145, 502.808, 502.508, 502.24, 502.0, 501.785, 501.595, 501.425, 501.27, 501.135, 501.013, 500.905, 747.855, 741.149, 734.486, 727.87, 721.306, 714.796, 708.347, 701.962, 695.646, 689.402, 683.237, 677.156, 671.161, 665.257, 659.45, 653.742, 648.14, 642.645, 637.261, 631.994, 626.844, 621.814, 616.907, 612.127, 607.474, 602.95, 598.555, 594.291, 590.157, 586.156, 582.285, 578.544, 574.934, 571.45, 568.095, 564.865, 561.757, 558.772, 555.906, 553.156, 550.52, 547.996, 545.579, 543.269, 541.06, 538.95, 536.936, 535.016, 533.185, 531.441, 529.78, 528.199, 526.695, 525.266, 523.907, 522.616, 521.391, 520.227, 519.124, 518.077, 517.085, 516.144, 515.254, 514.409, 513.61, 512.852, 512.137, 511.459, 510.819, 510.212, 509.639, 509.096, 508.585, 508.1, 507.642, 507.211, 506.802, 506.417, 506.052, 505.709, 505.385, 505.079, 504.789, 504.516, 504.259, 504.015, 503.786, 503.57, 503.365, 503.172, 502.991, 502.82, 502.657, 502.505, 502.362, 502.226, 502.099, 501.977, 501.864, 501.757, 501.656, 501.561, 501.471, 501.386, 501.306, 501.231, 501.161, 501.094, 501.031, 500.971]]
data1 = 'Kp': 0.009, 'Ki': 0, 'Kd': 0, 'Setpoint': 500.0, 'Areas': [[872.817, 799.525, 740.287, 692.34, 653.585, 622.342, 597.24, 577.132, 561.082, 548.3, 538.148, 530.1, 523.733, 518.7, 514.725, 511.592, 509.122, 507.177, 505.645, 504.44, 503.493, 502.745, 502.158, 501.698, 501.332, 501.047, 500.825, 750.0, 695.85, 652.408, 617.9, 590.747, 569.555, 553.127, 540.47, 530.762, 523.345, 517.692, 513.395, 510.132, 507.66, 505.79, 504.375, 503.302, 502.495, 501.885, 501.422, 501.072, 500.81, 875.0, 780.163, 705.045, 647.368, 604.335, 573.0, 550.62, 534.873, 523.91, 516.34, 511.142, 507.585, 505.158, 503.505, 502.38, 501.615, 501.095, 500.745, 748.215, 727.619, 707.474, 687.911, 669.07, 651.091, 634.104, 618.222, 603.533, 590.091, 577.923, 567.019, 557.341, 548.831, 541.409, 534.984, 529.457, 524.734, 520.715, 517.314, 514.444, 512.031, 510.009, 508.318, 506.905, 505.729, 504.749, 503.935, 503.259, 502.699, 502.234, 501.848, 501.529, 501.265, 501.046, 500.865]]
data1 = 'Kp': 0.03, 'Ki': 0, 'Kd': 0, 'Setpoint': 500.0, 'Areas': [[872.817, 625.577, 538.85, 511.43, 503.303, 500.95, 750.0, 563.345, 512.772, 502.38, 500.435, 875.0, 530.265, 498.173, 500.133, 748.861, 673.938, 608.4, 559.51, 529.224, 513.293, 505.793, 502.474, 501.046, 500.44]]
data1 = 'Kp': 0.05, 'Ki': 0, 'Kd': 0, 'Setpoint': 500.0, 'Areas': [[872.817, 450.905, 509.803, 498.168, 500.347, 750.0, 426.49, 528.188, 489.983, 503.668, 498.673, 500.483, 875.0, 299.863, 614.848, 413.216, 568.095, 447.105, 542.055, 467.148, 526.033, 479.595, 516.135, 487.33, 510.005, 492.133, 506.208, 495.115, 503.853, 496.965, 502.393, 498.118, 501.483, 498.833, 500.92, 748.688, 611.721, 523.755, 501.642, 500.06]]
data1 = 'Kp': 0.05, 'Ki': 0, 'Kd': 0, 'Setpoint': 500.0, 'Areas': [[872.817, 450.905, 509.803, 498.168, 500.347, 750.0, 426.49, 528.188, 489.983, 503.668, 498.673, 500.483, 875.0, 299.863, 614.848, 413.216, 568.095, 447.105, 542.055, 467.148, 526.033, 479.595, 516.135, 487.33, 510.005, 492.133, 506.208, 495.115, 503.853, 496.965, 502.393, 498.118, 501.483, 498.833, 500.92, 748.688, 611.721, 523.755, 501.642, 500.06]]
data1 = 'Kp': 0.05, 'Ki': 0, 'Kd': 0, 'Setpoint': 500.0, 'Areas': [[872.817, 450.905, 509.803, 498.168, 500.347, 750.0, 426.49, 528.188, 489.983, 503.668, 498.673, 500.483, 875.0, 299.863, 614.848, 413.216, 568.095, 447.105, 542.055, 467.148, 526.033, 479.595, 516.135, 487.33, 510.005, 492.133, 506.208, 495.115, 503.853, 496.965, 502.393, 498.118, 501.483, 498.833, 500.92, 748.688, 611.721, 523.755, 501.642, 500.06]]
data1 = 'Kp': 0.05, 'Ki': 0, 'Kd': 0, 'Setpoint': 500.0, 'Areas': [[872.817, 450.905, 509.803, 498.168, 500.347, 750.0, 426.49, 528.188, 489.983, 503.668, 498.673, 500.483, 875.0, 299.863, 614.848, 413.216, 568.095, 447.105, 542.055, 467.148, 526.033, 479.595, 516.135, 487.33, 510.005, 492.133, 506.208, 495.115, 503.853, 496.965, 502.393, 498.118, 501.483, 498.833, 500.92, 748.688, 611.721, 523.755, 501.642, 500.06]]
data1 = 'Kp': 0.05, 'Ki': 0, 'Kd': 0, 'Setpoint': 500.0, 'Areas': [[872.817, 450.905, 509.803, 498.168, 500.347, 750.0, 426.49, 528.188, 489.983, 503.668, 498.673, 500.483, 875.0, 299.863, 614.848, 413.216, 568.095, 447.105, 542.055, 467.148, 526.033, 479.595, 516.135, 487.33, 510.005, 492.133, 506.208, 495.115, 503.853, 496.965, 502.393, 498.118, 501.483, 498.833, 500.92, 748.688, 611.721, 523.755, 501.642, 500.06]]
data1 = 'Kp': 0.05, 'Ki': 0, 'Kd': 0, 'Setpoint': 500.0, 'Areas': [[872.817, 450.905, 509.803, 498.168, 500.347, 750.0, 426.49, 528.188, 489.983, 503.668, 498.673, 500.483, 875.0, 299.863, 614.848, 413.216, 568.095, 447.105, 542.055, 467.148, 526.033, 479.595, 516.135, 487.33, 510.005, 492.133, 506.208, 495.115, 503.853, 496.965, 502.393, 498.118, 501.483, 498.833, 500.92, 748.688, 611.721, 523.755, 501.642, 500.06]]
data1 = 'Kp': 0.05, 'Ki': 0, 'Kd': 0, 'Setpoint': 500.0, 'Areas': [[872.817, 450.905, 509.803, 498.168, 500.347, 750.0, 426.49, 528.188, 489.983, 503.668, 498.673, 500.483, 875.0, 299.863, 614.848, 413.216, 568.095, 447.105, 542.055, 467.148, 526.033, 479.595, 516.135, 487.33, 510.005, 492.133, 506.208, 495.115, 503.853, 496.965, 502.393, 498.118, 501.483, 498.833, 500.92, 748.688, 611.721, 523.755, 501.642, 500.06]]
data1 = 'Kp': 0.05, 'Ki': 0, 'Kd': 0, 'Setpoint': 500.0, 'Areas': [[872.817, 450.905, 509.803, 498.168, 500.347, 750.0, 426.49, 528.188, 489.983, 503.668, 498.673, 500.483, 875.0, 299.863, 614.848, 413.216, 568.095, 447.105, 542.055, 467.148, 526.033, 479.595, 516.135, 487.33, 510.005, 492.133, 506.208, 495.115, 503.853, 496.965, 502.393, 498.118, 501.483, 498.833, 500.92, 748.688, 611.721, 523.755, 501.642, 500.06]]
data1 = 'Kp': 0.05, 'Ki': 0, 'Kd': 0, 'Setpoint': 500.0, 'Areas': [[872.817, 450.905, 509.803, 498.168, 500.347, 750.0, 426.49, 528.188, 489.983, 503.668, 498.673, 500.483, 875.0, 299.863, 614.848, 413.216, 568.095, 447.105, 542.055, 467.148, 526.033, 479.595, 516.135, 487.33, 510.005, 492.133, 506.208, 495.115, 503.853, 496.965, 502.393, 498.118, 501.483, 498.833, 500.92, 748.688, 611.721, 523.755, 501.642, 500.06]]
data1 = 'Kp': 0.05, 'Ki': 0, 'Kd': 0, 'Setpoint': 500.0, 'Areas': [[872.817, 450.905, 509.803, 498.168, 500.347, 750.0, 426.49, 528.188, 489.983, 503.668, 498.673, 500.483, 875.0, 299.863, 614.848, 413.216, 568.095, 447.105, 542.055, 467.148, 526.033, 479.595, 516.135, 487.33, 510.005, 492.133, 506.208, 495.115, 503.853, 496.965, 502.393, 498.118, 501.483, 498.833, 500.92, 748.688, 611.721, 523.755, 501.642, 500.06]]
data1 = 'Kp': 0.01, 'Ki': 0, 'Kd': 0, 'Setpoint': 500.0, 'Areas': [[872.817, 791.357, 727.235, 676.705, 636.975, 605.862, 581.595, 562.75, 548.165, 536.913, 528.255, 521.607, 516.512, 512.61, 509.625, 507.345, 505.605, 504.275, 503.26, 502.485, 501.895, 501.445, 501.1, 500.84, 750.0, 689.745, 642.793, 606.665, 579.192, 558.505, 543.055, 531.592, 523.127, 516.905, 512.34, 508.997, 506.557, 504.777, 503.477, 502.532, 501.842, 501.342, 500.975, 875.0, 769.252, 688.255, 628.652, 586.335, 557.152, 537.47, 524.4, 515.817, 510.222, 506.595, 504.247, 502.735, 501.76, 501.13, 500.727, 748.094, 725.138, 702.756, 681.132, 660.462, 640.938, 622.731, 605.979, 590.774, 577.155, 565.116, 554.601, 545.52, 537.755, 531.175, 525.645, 521.026, 517.192, 514.025, 511.42, 509.284, 507.537, 506.112, 504.954, 504.011, 503.246, 502.625, 502.122, 501.716, 501.386, 501.12, 500.905]]
data1 = 'Kp': 0.037, 'Ki': 0, 'Kd': 0, 'Setpoint': 417.5, 'Areas': [[697.817, 488.143, 443.208, 427.492, 421.468, 419.09, 418.139, 705.978, 454.086, 423.967, 418.695, 417.723, 604.347, 404.893, 418.449, 629.782, 496.526, 438.634, 422.179, 418.48]]
data1 = 'Kp': 0.037, 'Ki': 0, 'Kd': 0.0001, 'Setpoint': 347.9166666666667, 'Areas': [[697.817, 443.279, 386.881, 364.849, 355.449, 351.296, 349.44, 348.606, 668.464, 399.554, 360.084, 350.819, 348.612, 555.29, 336.15, 348.982, 347.842, 715.443, 428.371, 364.368, 352.886, 349.555, 348.471, 587.966, 507.736, 444.124, 402.465, 377.656, 364.688, 357.643, 353.641, 351.313, 349.942, 349.127, 348.643]]
data1 = 'Kp': 0.0037, 'Ki': 0, 'Kd': 0.001, 'Setpoint': 347.9166666666667, 'Areas': [[335.378, 336.242, 336.861, 337.452, 338.011, 338.541, 339.045, 339.521, 339.969, 340.397, 340.799, 341.182, 341.544, 341.886, 342.209, 342.516, 342.807, 343.083, 343.342, 343.589, 343.82, 344.041, 344.251, 344.448, 344.634, 344.812, 344.981, 345.138, 345.288, 345.429, 345.563, 345.689, 345.81, 345.925, 346.033, 346.133, 346.23, 346.322, 346.406, 346.49, 346.566, 346.639, 346.708, 346.773, 346.834, 346.894, 346.949, 667.393, 631.004, 607.001, 585.138, 565.371, 547.446, 531.158, 516.329, 502.798, 490.439, 479.136, 468.781, 459.291, 450.584, 442.588, 435.241, 428.484, 422.267, 416.547, 411.275, 406.422, 401.946, 397.822, 394.018, 390.509, 387.272, 384.285, 381.524, 378.98, 376.627, 374.457, 372.452, 370.599, 368.885, 367.305, 365.844, 364.491, 363.245, 362.091, 361.025, 360.036, 359.124, 358.284, 357.504, 356.782, 356.117, 355.503, 354.933, 354.406, 353.917, 353.468, 353.053, 352.665, 352.31, 351.98, 351.676, 351.392, 351.132, 350.893, 350.67, 350.464, 350.272, 350.096, 349.931, 349.782, 349.641, 349.512, 349.391, 349.283, 349.178, 349.084, 348.996, 348.915, 554.74, 526.596, 508.344, 491.82, 477.044, 463.82, 451.976, 441.364, 431.848, 423.312, 415.652, 408.78, 402.608, 397.068, 392.092, 387.62, 383.608, 379.996, 376.756, 373.844, 371.224, 368.872, 366.756, 364.856, 363.144, 361.608, 360.228, 358.988, 357.872, 356.868, 355.964, 355.152, 354.424, 353.768, 353.176, 352.648, 352.172, 351.74, 351.356, 351.012, 350.7, 350.416, 350.164, 349.94, 349.736, 349.552, 349.388, 349.24, 349.108, 348.984, 348.88, 715.551, 682.546, 658.419, 635.011, 612.816, 592.323, 573.399, 555.916, 539.764, 524.836, 511.046, 498.303, 486.532, 475.661, 465.619, 456.348, 447.79, 439.894, 432.611, 425.891, 419.692, 413.977, 408.713, 403.859, 399.385, 395.266, 391.472, 387.976, 384.761, 381.829, 379.173, 376.76, 374.561, 372.553, 370.718, 369.035, 367.491, 366.072, 364.766, 363.563, 362.453, 361.429, 360.482, 359.606, 358.795, 358.044, 357.348, 356.702, 356.102, 355.546, 355.029, 354.549, 354.101, 353.686, 353.299, 352.939, 352.603, 352.291, 352.0, 351.729, 351.477, 351.24, 351.021, 350.816, 350.625, 350.446, 350.28, 350.125, 349.98, 349.844, 349.718, 349.6, 349.49, 349.387, 349.291, 349.201, 349.117, 349.039, 348.965, 348.897, 587.922, 579.725, 573.179, 566.474, 559.631, 552.656, 545.56, 538.443, 531.518, 524.788, 518.249, 511.9, 505.735, 499.754, 493.952, 488.324, 482.87, 477.587, 472.471, 467.519, 462.728, 458.098, 453.62, 449.296, 445.118, 441.088, 437.198, 433.449, 429.836, 426.353, 423.0, 419.771, 416.666, 413.681, 410.81, 408.051, 405.401, 402.856, 400.412, 398.068, 395.82, 393.665, 391.597, 389.617, 387.72, 385.905, 384.177, 382.538, 380.982, 379.504, 378.099, 376.764, 375.495, 374.285, 373.134, 372.039, 370.995, 370.0, 369.051, 368.145, 367.282, 366.458, 365.672, 364.92, 364.203, 363.518, 362.863, 362.238, 361.638, 361.067, 360.519, 359.996, 359.496, 359.017, 358.558, 358.12, 357.699, 357.297, 356.913, 356.544, 356.192, 355.852, 355.529, 355.218, 354.922, 354.635, 354.363, 354.101, 353.851, 353.609, 353.379, 353.158, 352.947, 352.744, 352.549, 352.361, 352.183, 352.01, 351.846, 351.688, 351.537, 351.391, 351.251, 351.117, 350.989, 350.865, 350.748, 350.635, 350.525, 350.421, 350.321, 350.225, 350.132, 350.044, 349.958, 349.877, 349.799, 349.723, 349.651, 349.582, 349.515, 349.452, 349.39, 349.332, 349.276, 349.222, 349.169, 349.119, 349.071, 349.026, 348.982, 348.938, 348.898]]
data1 = 'Kp': 0.05, 'Ki': 0.0002, 'Kd': 0.001, 'Setpoint': 500.0, 'Areas': [[107.225, 393.058, 505.918, 499.155, 500.0, 500.0, 500.0]]
data1 = 'Kp': 0.05, 'Ki': 0.0002, 'Kd': 0.001, 'Setpoint': 500.0, 'Areas': [[809.49, 448.348, 517.662, 493.762, 500.475, 750.0, 416.365, 538.86, 480.315, 506.375, 494.46, 499.86, 875.0, 288.818, 630.152, 387.604, 588.585, 419.121, 565.293, 438.425, 548.965, 452.517, 536.582, 463.235, 527.195, 471.392, 520.072, 477.607, 514.662, 482.345, 510.55, 485.96, 507.427, 488.715, 505.055, 490.82, 503.255, 492.425, 501.89, 493.652, 500.855, 749.107, 605.876, 520.327, 499.057]]
data1 = 'Kp': 0.05, 'Ki': 0.0002, 'Kd': 0.001, 'Setpoint': 500.0, 'Areas': [[809.49, 448.348, 517.662, 493.762, 500.475, 750.0, 416.365, 538.86, 480.315, 506.375, 494.46, 499.86, 875.0, 288.94, 630.152, 387.606, 588.585, 419.12, 565.293, 438.425, 548.965, 452.515, 536.582, 463.235, 527.192, 471.397, 520.065, 477.615, 514.652, 482.355, 510.54, 485.967, 507.42, 488.72, 505.05, 490.822, 503.252, 492.428, 501.888, 493.652, 500.855, 749.107, 606.082, 521.055, 499.889]]
data1 = 'Kp': 0.05, 'Ki': 0.0002, 'Kd': 0.001, 'Setpoint': 347.9166666666667, 'Areas': [[359.271, 350.566, 348.684, 668.516, 305.691, 355.432, 345.364, 346.981, 554.659, 253.007, 392.219, 323.491, 357.283, 340.723, 348.867, 715.621, 323.994, 347.661, 588.814, 470.928, 399.61, 367.091, 354.784, 349.403, 346.932]]
data1 = 'Kp': 0.05, 'Ki': 0.0002, 'Kd': 0.001, 'Setpoint': 347.9166666666667, 'Areas': [[359.271, 350.566, 348.684, 668.516, 305.691, 355.432, 345.364, 346.981, 554.659, 253.007, 392.219, 323.491, 357.283, 340.723, 348.867, 715.621, 323.994, 347.661, 588.814, 470.928, 399.61, 367.091, 354.784, 349.403, 346.932]]
data1 = 'Kp': 0.05, 'Ki': 0.0002, 'Kd': 0.001, 'Setpoint': 347.9166666666667, 'Areas': [[359.271, 350.566, 348.684, 668.516, 305.691, 355.432, 345.364, 346.981, 554.659, 253.007, 392.219, 323.491, 357.283, 340.723, 348.867, 715.621, 323.994, 347.661, 588.814, 470.928, 399.61, 367.091, 354.784, 349.403, 346.932]]
data1 = 'Kp': 0.05, 'Ki': 0.0002, 'Kd': 0.001, 'Setpoint': 500.0, 'Areas': [[150.393, 489.308, 495.15, 501.905, 501.265, 501.478, 501.435, 501.438, 501.43, 501.425, 501.418, 501.413, 501.408, 501.403, 501.397, 501.39, 501.385, 501.38, 501.373, 501.37, 501.363, 501.357, 501.352, 501.345, 501.342, 501.335, 501.332, 501.325, 501.32, 501.315, 501.308, 501.305, 501.3, 501.293, 501.29, 501.283, 501.278, 501.275, 501.268, 501.262, 501.26, 501.252, 501.247, 501.242, 501.238, 501.235, 501.227, 501.222, 501.217, 501.215, 501.207, 501.205, 501.197, 501.195, 501.19, 501.185, 501.18, 501.175, 501.17, 501.165, 501.163, 501.155, 501.152, 501.147, 501.143, 501.138, 501.135, 501.127, 501.125, 501.12, 501.115, 501.112, 501.107, 501.1, 501.1, 501.092, 501.09, 501.082, 501.082, 501.075, 501.072, 501.067, 501.062, 501.06, 501.053, 501.053, 501.045, 501.043, 501.037, 501.035, 501.028, 501.028, 501.02, 501.017, 501.015, 501.007, 501.005, 501.003, 500.997, 500.0, 500.0, 500.0]]
data1 = 'Kp': 0.05, 'Ki': 0.0002, 'Kd': 0.001, 'Setpoint': 500.0, 'Areas': [[434.49, 507.725, 497.952, 500.66, 500.0, 500.0, 500.0]]
data1 = 'Kp': 0.05, 'Ki': 0.0002, 'Kd': 0.001, 'Setpoint': 500.0, 'Areas': [[434.49, 507.725, 497.952, 500.66, 500.0, 500.0, 500.0]]
data1 = 'Kp': 0.05, 'Ki': 0.0002, 'Kd': 0.001, 'Setpoint': 500.0, 'Areas': [[434.49, 507.725, 497.952, 500.66, 500.0, 500.0, 500.0]]
data1 = 'Kp': 0.05, 'Ki': 0.0002, 'Kd': 0.001, 'Setpoint': 347.9166666666667, 'Areas': [[359.271, 350.566, 348.684, 668.516, 305.691, 355.432, 345.364, 346.981, 554.659, 253.007, 392.219, 323.491, 357.283, 340.723, 348.867, 715.621, 323.994, 347.661, 588.814, 470.456, 398.543, 365.808, 353.371, 347.89]]
data1 = 'Kp': 0.05, 'Ki': 0.0002, 'Kd': 0.001, 'Setpoint': 260.9375, 'Areas': [[359.271, 286.538, 269.546, 263.545, 261.487, 611.585, 240.186, 264.062, 258.797, 259.157, 483.536, 172.238, 291.572, 241.58, 266.816, 254.364, 260.54, 783.706, 256.124, 261.237, 753.826, 411.514, 341.471, 306.16, 286.674, 275.374, 268.262, 263.585, 260.426, 558.837, 412.114, 341.625, 301.43, 279.351, 267.117, 260.18, 465.718, 426.447, 389.85, 355.162, 323.898, 298.896, 281.344, 269.869, 262.736]]
data1 = 'Kp': 0.05, 'Ki': 0.0002, 'Kd': 0.001, 'Setpoint': 347.9166666666667, 'Areas': [[359.271, 350.566, 348.684, 668.516, 305.691, 355.432, 345.364, 346.981, 554.659, 253.007, 392.219, 323.491, 357.283, 340.723, 348.867, 715.621, 323.994, 347.661, 588.814, 470.456, 398.543, 365.808, 353.371, 347.89]]
